HXB2_1_856	7	12	27
H18818_6_1D2_CrNA	1	8	14	23
H18818_6_1C3_CrNA	1	8	14	23
H18818_6_1A6_CrNA	1	8	14	23
H18818_6_1G12_CrNA	1	8	14	23
H19829_11_H5_CrNA	1	8	14	23
H19829_11_A2_CrNA	1	8	14	23
H19829_11_E8_CrNA	1	8	14	23
H19829_11_B4_CrNA	1	8	14	23
H19829_11_A4_CrNA	1	8	14	23
H19829_11_G8_CrNA	1	8	14	23
H19999_7_1G10_CrNA	1	7	11	24
H19999_7_2G7_CrNA	1	7	11	24
H19999_7_2D5_CrNA	1	7	11	24
H19999_7_1B2_CrNA	1	7	11	16	28
H19999_7_1D2_CrNA	1	7	11	16	28
H19507_18_G11_CrNA	1	7	12	30
H19507_18_C11_CrNA	1	7	12	30
H19507_18_A11_CrNA	1	7	13	26
H19507_18_F4_CrNA	1	7	13	26
H19793_13_F8_CrNA	1	7	10	13	26
H19463_8_A11_CrNA	6	11	25
H19463_8_E10_CrNA	6	11	25
H19474_17_1G12_CrNA	1	10	13	27
H19474_17_2H8_CrNA	1	10	13	27
H18814_10_1E1_CrNA	1	7	10	26
H18814_10_1B4_CrNA	1	7	10	26
H18814_10_1C5_CrNA	1	7	10	26
H18814_10_1B1_CrNA	1	7	10	26
H18814_10_1G2_CrNA	1	7	10	26
H11668_12_F11_A_CrNA	1	7	14	17	31
H11668_12_C3_CrNA	1	7	14	17	31
H11668_12_D11_CrNA	1	7	14	17	31
H11668_12_H9_CrNA	1	7	14	17	31
H11668_12_E10_CrNA	1	7	14	17	31
H19308_26_B1_CrNA	1	7	14	27
H19308_26_F8I_CrNA	1	7	14	27
H19308_26_D8_CrNA	1	7	12	25
H19308_26_D1_CrNA	1	7	14	27
H19308_26_E4_CrNA	1	7	16	29
H19885_31_D9_CrNA	1	7	12	17	31
H19885_31_G12_CrNA	1	7	12	17	31
H19885_31_E2_CrNA	1	7	12	17	31
H19885_31_G10_CrNA	1	7	12	17	31
H19885_31_H11_CrNA	1	7	12	17	31
H19885_31_A5_CrNA	1	7	12	17	31
H19885_31_F8_CrNA	1	7	12	17	31
H19885_31_H10_CrNA	1	7	12	17	31
H19885_31_G1_CrNA	1	7	12	17	31
H19885_31_C6_CrNA	1	7	12	17	31
H19885_31_E11_CrNA	1	7	12	17	31
H18969_12_9D9_CrNA	1	10	13	21
H18969_12_8E6_CrNA	1	10	21
H18969_12_8G8_CrNA	1	7	11	14	22
H18969_12_6D7_CrNA	1	10	13	21
H18969_12_8B4_CrNA	1	10	13	21
H18969_12_7D5_CrNA	1	10	21
H18969_12_6C4_CrNA	1	10	21
H18969_12_10H3_CrNA	1	10	21
H19329_32_C9_Non_CrNA	1	6	12	17	30
H19329_32_E6_Non_CrNA	1	6	12	18	31
H19329_32_H7_Non_CrNA	1	6	12	18	31
H19329_32_F1_Non_CrNA	1	6	12	18	31
H19329_32_H5_Non_CrNA	1	6	12	18	31
H19329_32_H9_Non_CrNA	1	6	12	18	31
H19329_13_F12_Non_CrNA	1	6	12	18	31
H18887_21_G2_Non_CrNA	7	10	16	21	33
H18887_21_roD7_Non_CrNA	7	10	16	21	33
H19861_19_C10_Non_CrNA	1	6	11	25
H19861_19_F2_Non_CrNA	1	6	11	25
H19861_19_A6_Non_CrNA	1	6	11	25
H19489_8_G5_Non_CrNA	8	13	16	32
H19489_8_1E10_Non_CrNA	8	13	16	27	43
H19489_8_1A11_Non_CrNA	8	16	32
H19489_8_1H10_Non_CrNA	8	13	16	32
H19489_8_2A3_Non_CrNA	6	9	25
H19974_11_E12_Non_CrNA	1	7	15	21	35
H19974_11_E11_Non_CrNA	1	7	15	21	35
H19792_9_F6_Non_CrNA	1	9	15	21	34
H19792_9_B1_Non_CrNA	1	9	15	21	34
H19792_9_F1_Non_CrNA	1	9	15	21	34
H19792_9_D6_Non_CrNA	1	9	15	21	34
H19792_9_C10_Non_CrNA	1	9	15	20	34
H18880_10_20_Non_CrNA	1	7	10	20
H18880_10_21_Non_CrNA	1	7	10	20
H19961_14_F10_Non_CrNA	1	7	13	28
H19961_14_E8_Non_CrNA	1	9	13	28
H19961_14_G4_Non_CrNA	1	7	13	28
H19961_14_B10_Non_CrNA	1	7	13	28
H19961_14_F9_Non_CrNA	1	7	13	28
H19576_9_H1_Non_CrNA	3	10	16	29
H19576_9_F4_Non_CrNA	3	10	13	29
